1.858532794117927489e+00
1.393822627663612312e+00
1.154100601077079791e+00
1.006622020900249437e+00
8.980105277895927829e-01
8.254231095314026323e-01
7.719073617458342973e-01
7.341908547282218755e-01
6.983145353198051408e-01
6.672344961762428639e-01
6.474136057496070462e-01
6.318578936159611192e-01
6.092389900982380091e-01
5.943105491995811507e-01
5.833985108137130782e-01
5.700465090572833793e-01
5.553217609226703821e-01
5.532038991153239715e-01
5.400590083003043995e-01
5.327213583886623027e-01
5.218716219067573991e-01
5.201863087713718414e-01
5.138914732635021521e-01
5.015759851038456008e-01
4.993463291227817624e-01
4.981898382306099160e-01
4.903137013316154480e-01
4.846862402558326788e-01
4.797852277755737527e-01
4.765159641206264673e-01
4.764594019949436321e-01
4.659519717097282410e-01
4.676939153671264560e-01
4.681622490286826976e-01
4.664829242229461825e-01
4.570384339988231570e-01
4.573644419014453733e-01
4.571453538537025296e-01
4.505449999868869626e-01
4.521739073097705841e-01
4.477456378936767734e-01
4.468524026870727694e-01
4.487169630825519340e-01
4.498824942111969150e-01
4.439356468617915996e-01
4.398132844269275754e-01
4.362533338367938773e-01
4.343295300006866366e-01
4.364523202180862205e-01
4.361521267890930420e-01
4.294538141787052066e-01
4.318861292302608734e-01
4.248147283494472237e-01
4.316367860138416446e-01
4.219973428547382222e-01
4.277021901309490115e-01
4.273823766410350666e-01
4.278939230740070321e-01
4.280163174867629983e-01
4.261163535714149742e-01
4.216642014682293049e-01
4.243091869354247980e-01
4.233260460197925679e-01
4.208513852953910672e-01
4.215075111389159912e-01
4.148817190527915866e-01
4.110869389772415228e-01
4.174965855479240151e-01
4.169539217650890528e-01
4.118794725835323578e-01
4.194871638715267359e-01
4.173737564682960532e-01
4.116330854594707489e-01
4.148565918207168801e-01
4.152571649849414737e-01
4.077820804715156511e-01
4.082351526618003823e-01
4.041468796133995123e-01
4.082901518046855860e-01
4.048313498497009277e-01
4.111426344513893216e-01
4.108865521848201752e-01
4.031401328742504342e-01
4.078317371010780068e-01
4.019165138900280265e-01
4.036376872658729575e-01
4.058912220597267195e-01
4.031731621921062492e-01
4.036558997631072843e-01
4.061803200840949923e-01
4.040696935355663211e-01
4.009866797924041548e-01
4.003267177939415222e-01
3.966328746080398648e-01
4.007221971452236131e-01
4.046452715992927551e-01
4.004673494398593991e-01
3.973854620754718736e-01
4.008037139475345567e-01
3.967204278707504028e-01
3.976666705310344940e-01
3.964575082063674927e-01
3.993288291990756966e-01
3.968172265589237080e-01
4.027867607772350200e-01
3.957418778538703830e-01
3.951853509247302831e-01
3.968418303132057456e-01
3.979796983301639446e-01
3.950044453144073708e-01
3.894884160161018460e-01
3.964013563096523418e-01
3.929938876628875644e-01
3.965981200337410084e-01
3.965924862027168096e-01
3.913150614500045532e-01
3.950591455399989904e-01
3.924844713509083038e-01
3.910282570123672641e-01
3.883623291552066870e-01
3.871177779138088026e-01
3.879538622498512335e-01
3.877184702455997445e-01
3.854761710762977800e-01
3.925439280271529885e-01
3.864621815085411138e-01
3.821350423991680123e-01
3.890396647155284771e-01
3.809425255656242459e-01
3.884301072359084839e-01
3.805257727205753060e-01
3.953213882446289240e-01
3.790679807960987135e-01
3.867764312028885154e-01
3.872705894708633467e-01
3.819328795373440055e-01
3.864836080372333615e-01
3.854741157591343170e-01
3.860515265166759580e-01
3.806957335770130291e-01
3.829346656799316184e-01
3.827087081968784110e-01
3.821963480114936584e-01
3.839102976024150737e-01
3.816095976531505563e-01
3.825329329073429152e-01
3.823642626404762379e-01
3.818680150806904039e-01
3.852474674582481162e-01
3.809146910905837902e-01
3.820782354474067666e-01
3.770866915583610535e-01
3.794306699931621618e-01
3.800886228680610546e-01
3.728270599246025219e-01
3.770466053485870273e-01
3.817754539847373896e-01
3.830817759037017933e-01
3.765304079651832780e-01
3.758725178241729692e-01
3.374011203646659629e-01
2.893675948679447218e-01
2.766026926785707385e-01
2.694719952344894476e-01
2.619603642821312084e-01
2.566434656083583787e-01
2.517374483495950499e-01
2.460078772902488664e-01
2.425609036535024687e-01
2.386504367738962185e-01
2.362168328464031297e-01
2.313729234039783589e-01
2.284850817918777366e-01
2.243774410337209813e-01
2.235079630464315292e-01
2.208577477931976396e-01
2.167729988694190868e-01
2.138602343201637390e-01
2.124893600493669432e-01
2.097902905941009533e-01
2.081942591071128945e-01
2.053278356790542714e-01
2.020245034992694810e-01
2.015231528878211886e-01
1.988435985893011182e-01
1.967948231846094187e-01
1.963277939707040731e-01
1.941440759599208921e-01
1.904230485856533150e-01
1.900191376358270623e-01
1.873040416836738720e-01
1.865187281370163097e-01
1.851368524134159033e-01
1.831552897393703416e-01
1.795458190143108257e-01
1.800365523248911026e-01
1.776197444647550638e-01
1.767771931737661395e-01
1.743865797668695539e-01
1.737962313741445441e-01
1.722644003480672814e-01
1.713391018658876330e-01
1.677202060818672180e-01
1.679835108667612209e-01
1.665410002321005001e-01
1.643147347122430879e-01
1.633947000652551662e-01
1.619873841106891643e-01
1.605423748493194636e-01
1.597173239290714253e-01
1.574389061331749051e-01
1.559251171350479193e-01
1.554472991824150108e-01
1.545486499369144451e-01
1.530137641727924436e-01
1.511069511622190609e-01
1.518927162885665982e-01
1.500225912779569737e-01
1.492551936209201846e-01
1.478593854606151670e-01
1.464221461862325602e-01
1.451588662713766131e-01
1.445426736027002335e-01
1.437187979370355695e-01
1.422856424748897564e-01
1.421433478593826238e-01
1.399890281260013636e-01
1.390824951231479645e-01
1.381957267969846637e-01
1.375516130030155215e-01
1.368978302180766937e-01
1.356005465984344571e-01
1.339990872144699030e-01
1.340208172425627620e-01
1.328195974603295360e-01
1.324268315359949932e-01
1.303114578500390031e-01
1.295929189026355788e-01
1.287192466482520170e-01
1.290840287506580253e-01
1.287955071777105442e-01
1.265376881510019424e-01
1.250814817845821436e-01
1.233828115463256880e-01
1.236962047591805419e-01
1.232831259816885017e-01
1.221501282975077651e-01
1.224467065557837547e-01
1.223622445017099325e-01
1.218110562860965779e-01
1.217112381383776698e-01
1.216677494719624469e-01
1.209943040460348118e-01
1.206848187372088488e-01
1.209178207814693429e-01
1.207801466807723045e-01
1.198877029865980104e-01
1.202628252282738619e-01
1.198075724393129343e-01
1.196501452103257146e-01
1.203046273067593513e-01
1.196172403916716531e-01
1.200294922292232530e-01
1.195264122635126131e-01
1.193780576810240801e-01
1.189346724748611417e-01
1.183545080199837618e-01
1.182585924863815280e-01
1.187933725863695167e-01
1.186764978244900653e-01
1.182031538709998192e-01
1.185463517159223573e-01
1.187097678333520895e-01
1.181025130301713993e-01
1.179367212951183269e-01
1.180243619158864027e-01
1.173923812061548194e-01
1.181745693087577764e-01
1.175281806290149750e-01
1.181375989317893921e-01
1.175764075294137012e-01
1.172895722463726947e-01
1.167168398573994598e-01
1.163866104558110293e-01
1.167439482361078279e-01
1.165735043585300473e-01
1.167859650403261229e-01
1.166335958614945351e-01
1.164308005571365323e-01
1.159432788193225927e-01
1.160795575380325351e-01
1.163182850182056388e-01
1.157913142815232277e-01
1.160346061736345358e-01
1.157464622706174812e-01
1.158061926439404449e-01
1.156508210301399192e-01
1.161798572167754146e-01
1.153435594961047111e-01
1.146093443408608414e-01
