4.285600002482533588e-01
5.303000025451183319e-01
5.790000014007091744e-01
6.055400009453296706e-01
6.211400011181831271e-01
6.302600005269050065e-01
6.373200023174285800e-01
6.481000000238418268e-01
6.526000002026557389e-01
6.547400021553039240e-01
6.609199997782707614e-01
6.661800029873847784e-01
6.698399999737739696e-01
6.741800004243850841e-01
6.760200002789497065e-01
6.788799995183945057e-01
6.807199972867965521e-01
6.814999979734420732e-01
6.838399994373322022e-01
6.853799995779991105e-01
6.875800001621246160e-01
6.883600005507468644e-01
6.886799988150597018e-01
6.944199982285499395e-01
6.918600010871887029e-01
7.154600018262863292e-01
7.235799974203109830e-01
7.276199981570243835e-01
7.297800004482268843e-01
7.288999992609024314e-01
7.313600018620490806e-01
7.293800014257431075e-01
7.310200002789497553e-01
7.328400015830993652e-01
7.342400008440017611e-01
7.332199999690055536e-01
7.350199979543685647e-01
7.379000017046928317e-01
7.379199990630149752e-01
7.398200029134750499e-01
6.246400012075901120e-01
7.099000006914139016e-01
7.298200017213821722e-01
7.402999988198279979e-01
7.461199986934662354e-01
7.512599989771843179e-01
7.573399987816810119e-01
7.551400002837180825e-01
7.608400014042854265e-01
7.606799989938736184e-01
7.667200022935867221e-01
7.698800000548362554e-01
7.687799990177154319e-01
7.719800001382828292e-01
7.707000002264976501e-01
7.749400004744529946e-01
7.798199990391730951e-01
7.795799991488456815e-01
7.775799971818924128e-01
7.812400019168853627e-01
7.848399999737739607e-01
7.789600020647049483e-01
7.856599998474120827e-01
7.832199972867965876e-01
7.827400007843970942e-01
8.083999991416931374e-01
8.226800021529198093e-01
8.245599991083145675e-01
8.252799978852272123e-01
8.271000006794929638e-01
8.271200001239776833e-01
8.279800000786781133e-01
8.283799996972084356e-01
8.292199987173080045e-01
8.303799977898598250e-01
8.291600021719932601e-01
8.355400004982947992e-01
8.377399986982345670e-01
8.366200003027915999e-01
8.367800018191338118e-01
7.277799989283084692e-01
7.905600017309188932e-01
8.022600004076957392e-01
8.079400014877319292e-01
8.071600005030632463e-01
8.110200005769729881e-01
8.143800017237663447e-01
8.142200022935867088e-01
8.162399998307228177e-01
8.164000010490417569e-01
8.168999999761581421e-01
8.214599996805190818e-01
8.173200011253356490e-01
8.219999971985817444e-01
8.184799996018409241e-01
8.192600011825561523e-01
8.204599994421005738e-01
8.235200011730193781e-01
8.228000012040138644e-01
8.222200015187263178e-01
8.219199976325035628e-01
8.251000005006789983e-01
8.230999997258185985e-01
8.251799997687340182e-01
8.234799996018409285e-01
8.429399988055229498e-01
8.538399988412856967e-01
8.554799968004226374e-01
8.568999993801117432e-01
8.582799950242042675e-01
8.563799986243247897e-01
8.579799994826317056e-01
8.586799988150596308e-01
8.603599974513054249e-01
8.604399988055229098e-01
8.606799989938735962e-01
8.642599982023239091e-01
8.650799953937530207e-01
8.649999991059302840e-01
8.649599996209144104e-01
6.625599991530179977e-01
7.612400007247924760e-01
7.813999980688095537e-01
7.907400000095367032e-01
7.965400001406669483e-01
8.028200009465217279e-01
8.090600010752677651e-01
8.145399999618530007e-01
8.164600005745887845e-01
8.175200015306473000e-01
8.236200010776519864e-01
8.268399989604949818e-01
8.271800005435943071e-01
8.324199998378754017e-01
8.310399988293647455e-01
8.356199970841408087e-01
8.362999996542930248e-01
8.399200004339217873e-01
8.421999990940094438e-01
8.427800005674361827e-01
8.461599993705749556e-01
8.499199980497360585e-01
8.526399984955788103e-01
8.531200003623962136e-01
8.526399964094162343e-01
8.802799993753432917e-01
8.930600005388259488e-01
8.954399991035461026e-01
8.972999989986419900e-01
8.988600018620490628e-01
8.995199996232986495e-01
9.005000010132789834e-01
9.008799996972084445e-01
9.014600005745887490e-01
9.027399992942810592e-01
9.036600041389465376e-01
9.085599982738494784e-01
9.096199983358382868e-01
9.091599997878074824e-01
9.102600011229514676e-01
6.977999998070300025e-01
7.675799986720085455e-01
7.819199991226196689e-01
7.855599999427795854e-01
7.911599990725517451e-01
7.938399997353553506e-01
7.957800003886222884e-01
7.997800007462501082e-01
8.022400015592574540e-01
8.056599995493889388e-01
8.088600000739097906e-01
8.086800020933151423e-01
8.114600008726120528e-01
8.165799990296364053e-01
8.149599999189376387e-01
8.190199959278107178e-01
8.214199987053870666e-01
8.221199989318848100e-01
8.260599994659423295e-01
8.266199988126754494e-01
8.229000014066696345e-01
8.306000000238418224e-01
8.301800006628036188e-01
8.339399999380111561e-01
8.318999987840652866e-01
8.620599991083145452e-01
8.784999996423721313e-01
8.823200020194054138e-01
8.849999985098838673e-01
8.866600006818771140e-01
8.884800007939338551e-01
8.895599997043609486e-01
8.902400004863738614e-01
8.909799981117249024e-01
8.916000020503997980e-01
8.922200021147728144e-01
8.940200003981589871e-01
8.938800016045570507e-01
8.944800004363060442e-01
8.942200013995170726e-01
7.502399993315339577e-01
8.280599987506866988e-01
8.373999994993209794e-01
8.425399988889694658e-01
8.441199988126755205e-01
8.494399988651275546e-01
8.517000007629395020e-01
8.548999992012977778e-01
8.562199988961219921e-01
8.572599986195563737e-01
8.578599998354912159e-01
8.575599983334540877e-01
8.608199998736381087e-01
8.618799987435340482e-01
8.628599986433982405e-01
8.664799973368644270e-01
8.646599975228309587e-01
8.680999979376793352e-01
8.626999980211258467e-01
8.694999971985817311e-01
8.667999970912932950e-01
8.731199997663497969e-01
8.745199984312057584e-01
8.725799986720085277e-01
8.752400010824203935e-01
8.879600003361701743e-01
8.960000017285346674e-01
8.971400007605552229e-01
8.977799999713897972e-01
8.982199999690055892e-01
8.985199996829033031e-01
8.985200008749961720e-01
8.988000011444091664e-01
8.988199999928474515e-01
8.991199982166290239e-01
8.990600010752678450e-01
8.993000006675719860e-01
8.991799992322921931e-01
8.992400026321411000e-01
8.991799992322921931e-01
7.310000000149011745e-01
8.059799987077712613e-01
8.364400011301040827e-01
8.550599977374077065e-01
8.768800017237663447e-01
8.871799984574317843e-01
8.986399987339973583e-01
9.081200006604194241e-01
9.159199985861777860e-01
9.284799972176551730e-01
9.372599974274635759e-01
9.386599972844124062e-01
9.419799962639808788e-01
9.471199977397918301e-01
9.507199954986572665e-01
9.590599992871284840e-01
9.602399966120720443e-01
9.655199992656707808e-01
9.705199998617172197e-01
9.720999988913535672e-01
9.720399996638298123e-01
9.727399984002113031e-01
9.748600029945373446e-01
9.793000033497810675e-01
9.837799984216689664e-01
9.939399963617324696e-01
9.990799984335899664e-01
9.995799991488456548e-01
9.996799993515014249e-01
9.998399996757507679e-01
9.998199996352196139e-01
9.998599997162819220e-01
9.998399996757507679e-01
9.998999997973442300e-01
9.998999997973442300e-01
9.999199998378753840e-01
9.999199998378753840e-01
9.999399998784065380e-01
9.999199998378753840e-01
9.999199998378753840e-01
8.487399993091822026e-01
8.920800006389617565e-01
8.932399988174438699e-01
8.932599997520447310e-01
8.939799994230270830e-01
8.952400007843971386e-01
8.953199997544288857e-01
8.894600021839141890e-01
8.919000008702278048e-01
8.938199990987777399e-01
8.918599998950957897e-01
8.915000021457671897e-01
8.947400018572807534e-01
8.945000010728836326e-01
8.981200021505355569e-01
8.973400014638900357e-01
8.926000002026558411e-01
8.927999994158745123e-01
8.945000001788139254e-01
8.939799991250038103e-01
8.954000014066696433e-01
8.947000002861023038e-01
8.925600016117095636e-01
8.909000015258788929e-01
8.931600001454352844e-01
8.976599988341331660e-01
8.998200020194053739e-01
8.999200010299682750e-01
8.999600026011467246e-01
8.999200010299682750e-01
8.999399980902671459e-01
8.999399986863135803e-01
8.999600017070770175e-01
8.999799996614455955e-01
8.999800002574920299e-01
8.999799999594688682e-01
8.999800002574920299e-01
8.999800020456314442e-01
8.999800014495850098e-01
8.999800008535384643e-01
8.654199987277388928e-01
8.900600004196167481e-01
8.909799984097480641e-01
8.922800010442734076e-01
8.927199989557266235e-01
8.927399995923042120e-01
8.931200003623962491e-01
8.937200012803078186e-01
8.947200003266334578e-01
8.945600000023842258e-01
8.955200004577636985e-01
8.954000017046928050e-01
8.950799998641013611e-01
8.954399991035461026e-01
8.966800010204315496e-01
8.971799999475479348e-01
8.957000017166137917e-01
8.948800003528595282e-01
8.972800004482269776e-01
8.970600005984306069e-01
8.981800007820129883e-01
8.971799996495246621e-01
8.961400023102760182e-01
8.979200005531311479e-01
8.982800012826919200e-01
8.991999998688697815e-01
8.998799991607665527e-01
8.999600011110305831e-01
8.999800002574920299e-01
8.999600028991698863e-01
8.999800017476081715e-01
8.999800011515617371e-01
8.999800032377243131e-01
9.000000005960464566e-01
8.999599996209144415e-01
9.000000008940696183e-01
8.999999994039535878e-01
9.000000002980231839e-01
9.000000017881393255e-01
8.999799996614455955e-01
