1.058200003020465380e-01
1.449600004404783260e-01
3.193600010871887052e-01
4.567400008440017922e-01
5.423000013828277455e-01
6.013199993968010304e-01
6.497200012207031694e-01
6.821399989724159507e-01
7.068400004506111278e-01
7.291400024294852900e-01
7.475400009751319574e-01
7.628599980473518283e-01
7.736999979615211132e-01
7.874000012874603494e-01
7.941199982166290416e-01
8.035000014305114791e-01
8.107200005650520014e-01
8.163800010085106029e-01
8.229000008106232000e-01
8.256399995088576915e-01
8.296999999880790844e-01
8.371599993109702931e-01
8.406999975442885908e-01
8.434600007534026611e-01
8.470799979567528171e-01
8.507600021362304865e-01
8.560399988293647677e-01
8.569599983096122253e-01
8.578799974918365212e-01
8.609599992632865906e-01
8.619999971985816689e-01
8.653799983859061795e-01
8.666799983382225125e-01
8.692199993133544744e-01
8.709999990463256347e-01
8.732999977469444453e-01
8.750000011920928689e-01
8.775800007581711082e-01
8.805600002408027205e-01
8.789599993824959157e-01
8.817199993133545410e-01
8.812799999117850724e-01
8.839999997615813898e-01
8.857199993729590881e-01
8.861200004816055520e-01
8.873999980092048823e-01
8.882999986410140547e-01
8.881200009584426791e-01
8.908199989795684282e-01
8.919999998807907060e-01
8.923600000143051547e-01
8.932600000500678927e-01
8.952599999308585854e-01
8.960999989509582653e-01
8.963199988007545249e-01
8.978999972343444380e-01
8.955000013113021406e-01
8.983999988436699446e-01
8.988600003719330322e-01
8.995600005984306646e-01
9.000200006365776106e-01
9.014999991655350264e-01
9.008999982476234569e-01
9.022000005841255277e-01
9.026999998092651856e-01
9.028000000119209556e-01
9.051799988746642711e-01
9.061999997496604786e-01
9.040400004386901500e-01
9.059799990057945118e-01
9.069799986481666965e-01
9.069199994206428306e-01
9.051200008392333851e-01
9.062000009417533475e-01
9.101999998092651367e-01
9.115000021457672075e-01
9.077799993753433716e-01
9.105600008368491816e-01
9.092799976468086687e-01
9.090200015902518693e-01
9.118000006675720526e-01
9.115999975800513910e-01
9.100800001621246471e-01
9.130999994277954057e-01
9.136200016736983898e-01
9.116000005602836742e-01
9.146200004220008672e-01
9.133200007677078069e-01
9.124799996614456621e-01
9.148999983072281239e-01
9.141800004243850752e-01
9.126600009202957553e-01
9.158599999547004655e-01
9.126599997282027754e-01
9.163400000333785655e-01
9.154399999976158275e-01
9.180199974775313798e-01
9.165200009942054971e-01
9.148200005292892456e-01
9.182199981808661926e-01
9.168399989604949507e-01
9.178600001335144309e-01
9.183599984645843817e-01
9.181000003218651173e-01
9.205800005793571827e-01
9.188199999928474693e-01
9.186799979209899769e-01
9.162599989771842424e-01
9.194399997591972129e-01
9.202200001478195723e-01
9.186200001835822526e-01
9.206000012159347712e-01
9.189400005340576660e-01
9.210200005769729747e-01
9.217399969696998818e-01
9.228400015830993119e-01
9.195399993658065485e-01
9.233599996566772550e-01
9.216200003027915644e-01
9.206600010395049605e-01
9.222799995541572926e-01
9.228399997949600086e-01
9.217200008034706071e-01
9.219600003957748591e-01
9.235799977183342113e-01
9.241999986767769348e-01
9.240599977970123113e-01
9.235999989509582342e-01
9.224399998784065247e-01
9.230999991297721419e-01
9.245600000023841414e-01
9.268799978494643987e-01
9.223999959230423373e-01
9.228400009870528775e-01
9.256399995088577803e-01
9.254200002551078441e-01
9.218000018596649303e-01
9.260999974608421503e-01
9.241199994087219149e-01
9.247599983215332164e-01
9.245799988508224265e-01
9.244199982285499217e-01
9.262399974465370667e-01
9.270200002193450528e-01
9.250999990105629456e-01
9.261399996280670344e-01
9.261799994111060697e-01
9.265399983525276495e-01
9.272599989175795976e-01
9.252400001883507308e-01
9.276199990510940463e-01
9.273599982261657715e-01
9.285999992489815114e-01
9.269199991226195756e-01
9.293999981880187722e-01
9.262600016593932617e-01
9.286000001430511075e-01
9.265399995446205184e-01
9.271400007605552496e-01
9.286199977993965238e-01
9.429399976134300587e-01
9.593799969553947760e-01
9.646999961137772139e-01
9.685999998450278703e-01
9.695999991893767822e-01
9.710200011730194536e-01
9.739400029182434526e-01
9.748400023579597562e-01
9.767000034451485124e-01
9.765000030398368613e-01
9.776200032234192427e-01
9.784800034761428345e-01
9.784400048851966680e-01
9.791600033640861511e-01
9.813400024175643610e-01
9.815000009536742898e-01
9.810200035572052002e-01
9.809800040721893266e-01
9.817400032281875522e-01
9.838199996948242543e-01
9.831400012969970792e-01
9.839000013470650119e-01
9.853399997949600086e-01
9.857999980449676514e-01
9.856999996304511846e-01
9.858999985456466941e-01
9.872599959373473677e-01
9.861999988555908425e-01
9.868199971318244446e-01
9.867599982023239624e-01
9.871199989318847345e-01
9.869999974966049416e-01
9.890999954938888283e-01
9.889599952101707503e-01
9.875999963283539351e-01
9.879399967193603915e-01
9.894399932026862743e-01
9.887599974870682207e-01
9.890799951553345126e-01
9.886999958753586171e-01
9.900399929285049749e-01
9.902199935913086337e-01
9.894799941778182895e-01
9.906399935483932717e-01
9.908599933981895314e-01
9.904799932241439286e-01
9.907799950242042186e-01
9.904599949717521890e-01
9.903599944710731462e-01
9.914599928259849593e-01
9.913199928402900429e-01
9.914199939370155201e-01
9.907399928569793346e-01
9.915399917960167064e-01
9.912799915671348661e-01
9.917599940299988148e-01
9.922199901938438815e-01
9.921799924969673112e-01
9.921799936890601801e-01
9.918199926614761353e-01
9.916799917817116228e-01
9.918999913334846097e-01
9.923599913716316667e-01
9.926799911260605347e-01
9.921999925374984652e-01
9.924799931049347324e-01
9.917999926209449812e-01
9.924199929833412703e-01
9.931999933719635187e-01
9.921399900317191545e-01
9.922399923205376115e-01
9.931599906086922003e-01
9.931599929928779380e-01
9.925199922919273332e-01
9.919999924302100869e-01
9.924599924683570329e-01
9.930399918556213068e-01
9.924599909782410023e-01
9.932199943065643799e-01
9.939599919319153098e-01
9.934199899435043335e-01
9.939599916338920371e-01
9.949399924278259366e-01
9.954799923300743369e-01
9.957399931550026118e-01
9.959799942374228943e-01
9.956599926948547230e-01
9.964599931240081254e-01
9.962199932336807118e-01
9.961399930715560957e-01
9.963399928808212014e-01
9.968999943137168973e-01
9.963999933004379361e-01
9.964799937605858249e-01
9.969799944758415133e-01
9.969799938797950789e-01
9.966399937868117842e-01
9.965599936246871682e-01
9.961799931526184038e-01
9.966799932718276578e-01
9.965599939227104409e-01
9.969599941372870866e-01
9.968599936366081549e-01
9.971199947595595914e-01
9.971799945831298917e-01
9.971199950575828641e-01
9.967399945855140997e-01
9.967399936914443925e-01
9.972799947857856617e-01
9.973599946498871160e-01
9.969799944758415133e-01
9.969999939203262329e-01
9.969799944758415133e-01
9.971799942851066190e-01
9.973999947309494241e-01
9.970599940419196949e-01
9.974599951505660478e-01
9.973599949479102778e-01
9.976399958133697066e-01
9.970599940419196949e-01
9.973799949884414318e-01
9.974799951910973128e-01
9.975599953532219288e-01
9.971399945020675837e-01
9.969599941372870866e-01
9.967999938130378546e-01
9.976399952173232721e-01
9.972399947047233537e-01
9.973199945688248080e-01
9.975999951362609641e-01
9.977999955415726152e-01
9.972399944067000810e-01
9.972999945282936540e-01
9.976799952983855801e-01
9.970999941229820029e-01
9.974599954485893205e-01
9.975599950551986561e-01
9.975799950957298101e-01
9.974799948930740401e-01
9.976399955153465449e-01
