1.604487441778182921e+00
1.339958904981613186e+00
1.209507535099983322e+00
1.150025520026683790e+00
1.116021221876144498e+00
1.098640184700488964e+00
1.065353739559650403e+00
1.053753282725810925e+00
1.042911481261253437e+00
1.032951492965221485e+00
1.020155006647109897e+00
1.008424879014492070e+00
9.996297964453697560e-01
9.947586858272552401e-01
9.924059790372848910e-01
9.831560108065605652e-01
9.821039789915084750e-01
9.742952042818069369e-01
9.689017036557197038e-01
9.693928605318069547e-01
9.611434748768806768e-01
9.607570493221282426e-01
9.583295896649360879e-01
9.562729781866073919e-01
9.575218403339386120e-01
9.012915351986885426e-01
8.668736895918845997e-01
8.602246171236038741e-01
8.551480218768119368e-01
8.539425504207610595e-01
8.505707535147667420e-01
8.493622258305549844e-01
8.491692948341369451e-01
8.449133303761482416e-01
8.407128345966339289e-01
8.431084457039833557e-01
8.315427339076996160e-01
8.279997333884239197e-01
8.282730126380920543e-01
8.235792222619057190e-01
1.503686305284500202e+00
1.069824892878532330e+00
9.727140924334526373e-01
9.187772074341773454e-01
8.842700752615928472e-01
8.544536051154136835e-01
8.323311868309974937e-01
8.143191498517989846e-01
8.107076856493949935e-01
7.895568180084228116e-01
7.757428303360939248e-01
7.727401247620582225e-01
7.557041710615157726e-01
7.504945299029350814e-01
7.546715480089187800e-01
7.471119874715804743e-01
7.433790123462676869e-01
7.374405196309089527e-01
7.216851568222045765e-01
7.288342979550361811e-01
7.195103412866592496e-01
7.091279065608978582e-01
7.159615662693977756e-01
7.098092427849769237e-01
7.096400310099124642e-01
6.445157718658447443e-01
6.113976530730724779e-01
6.047592724859714997e-01
5.999510125815867845e-01
5.977604804933071003e-01
5.960582883656024844e-01
5.935419838130474579e-01
5.910732902586459669e-01
5.886988711357116211e-01
5.860721698403358326e-01
5.866300925612449868e-01
5.736395163834094868e-01
5.697320803999901262e-01
5.689400511980057251e-01
5.684208863973617687e-01
1.323527685701846979e+00
9.010156059265136408e-01
8.251524627208709495e-01
7.793998789787291992e-01
7.511028563976287487e-01
7.289982411265373274e-01
7.063481190800666720e-01
7.029476806521415266e-01
6.877781012654304860e-01
6.786700212955474321e-01
6.686540174484253418e-01
6.613378259539604009e-01
6.530773791670799744e-01
6.499420884251594366e-01
6.530537921190261441e-01
6.445544585585594177e-01
6.463389056921005071e-01
6.384093022346496449e-01
6.307552337646484819e-01
6.260972955822944330e-01
6.263416856527328491e-01
6.248140890896319855e-01
6.205584500730038089e-01
6.187608395516872584e-01
6.139614182710647627e-01
5.574567894637584287e-01
5.340674610435962588e-01
5.291064819693565013e-01
5.256192031502723294e-01
5.233903862535953522e-01
5.204565285146236508e-01
5.191448959708213629e-01
5.175706198811531600e-01
5.156458564102649467e-01
5.145808036625385551e-01
5.124862475693225949e-01
5.026077102124690832e-01
5.002583564817905115e-01
4.989353790879249573e-01
4.991379663348197715e-01
1.167477021217346200e+00
8.163405409455299910e-01
7.449716365337372137e-01
7.150838443636894359e-01
6.806567773222923501e-01
6.592904195189476235e-01
6.472064594924450409e-01
6.283576367795467021e-01
6.177320718765259011e-01
6.063033892214297893e-01
5.975668624043464217e-01
5.887304583191871332e-01
5.835772649943828938e-01
5.765681536495685933e-01
5.694836574792861983e-01
5.621836075186729120e-01
5.644228194653987396e-01
5.563126216828823134e-01
5.511707426607608262e-01
5.400276537239551145e-01
5.436965773999691276e-01
5.423312737047671916e-01
5.283463765680790347e-01
5.296754993498324904e-01
5.202621734142303112e-01
4.667798075079918063e-01
4.347276872396468872e-01
4.281497392058372653e-01
4.217996352910995395e-01
4.188778558373451033e-01
4.163722681999206809e-01
4.135005585849285126e-01
4.113927160203456612e-01
4.077483548223972409e-01
4.067001697421073758e-01
4.038485018908977708e-01
3.946964268386363717e-01
3.910050562024116605e-01
3.907553523778915516e-01
3.897926314175129137e-01
9.955424618721008256e-01
7.096461287140846119e-01
6.590156742930411982e-01
6.195956832170486095e-01
5.971685400605202254e-01
5.836157180368900521e-01
5.597886939346790047e-01
5.482436570525169861e-01
5.359363545477390245e-01
5.224981643259525299e-01
5.092389965057373402e-01
5.056490689516067727e-01
4.878267489373683818e-01
4.917235322296619193e-01
4.824197532236575992e-01
4.669021774828434057e-01
4.646127852797508062e-01
4.577118250727653659e-01
4.460864607989787900e-01
4.417937767505645819e-01
4.440374661982059434e-01
4.332607257366180575e-01
4.229813447594642506e-01
4.245123474299907773e-01
4.181028717756271607e-01
3.436582413315772966e-01
2.997112531214952691e-01
2.873938452452421410e-01
2.802980557084083779e-01
2.730467347055673399e-01
2.663971529155969575e-01
2.611354348063468778e-01
2.565764185041189416e-01
2.529121898114681244e-01
2.482238160818815154e-01
2.439690206944942485e-01
2.328902118653058961e-01
2.295271465927362364e-01
2.283347164094448045e-01
2.285615343600511662e-01
8.012705232203006789e-01
5.463893999159336046e-01
5.019017387926578699e-01
4.706721228361129827e-01
4.505396825075149714e-01
4.309144140779971877e-01
4.260496757924556732e-01
4.095798330008983412e-01
3.937415903806686379e-01
3.931691944599151611e-01
3.789319005608558499e-01
3.682010763883590831e-01
3.646309927105903514e-01
3.572589443624019645e-01
3.452999696135520824e-01
3.430769281834363804e-01
3.379899827390909217e-01
3.242074405401945136e-01
3.271760199218988197e-01
3.194336942583322347e-01
3.151487565040588246e-01
3.119127929955720635e-01
3.118522907793521703e-01
2.995469564944505669e-01
2.943670172244310379e-01
2.431380872428417217e-01
2.016417274624109357e-01
1.914137718081474204e-01
1.843490049988031343e-01
1.785888380557298649e-01
1.739437618851661649e-01
1.700628657639026708e-01
1.666368782520294134e-01
1.632083676755428370e-01
1.595600875467061974e-01
1.566803069040179353e-01
1.496525111421942722e-01
1.484587303176522211e-01
1.477580258995294660e-01
1.476436604559421550e-01
8.405807444453239352e-01
5.618555454909801572e-01
4.988292694091797097e-01
4.511589595675468689e-01
4.127322542667388738e-01
3.867034681141376384e-01
3.623290614783764019e-01
3.473008793592453070e-01
3.255954623222351296e-01
3.177467008680105454e-01
2.874937442690134182e-01
2.731556434184312931e-01
2.675728929042816007e-01
2.538990572094917408e-01
2.390128158032894246e-01
2.390431857854127817e-01
2.258322352170944181e-01
2.114636062085628598e-01
2.156460336595773797e-01
2.072212715446949127e-01
2.023765746504068430e-01
1.933211962133646045e-01
1.982189922034740537e-01
1.866593785583972875e-01
1.765910483151674204e-01
1.540785114839673120e-01
1.234942102059721908e-01
1.175743326172232622e-01
1.136992805823683755e-01
1.112407755106687574e-01
1.087384817749261906e-01
1.068400449305772770e-01
1.053056752681732211e-01
1.039355009794235285e-01
1.026575239375233650e-01
1.014316367730498381e-01
1.001962757110595736e-01
9.990797132253646795e-02
9.987371563911437433e-02
9.962736781686544474e-02
5.996555149555206077e-01
3.630811816453933805e-01
3.013709889352321758e-01
2.640897834300994784e-01
2.369220732152461928e-01
2.176237116008996886e-01
2.005964838713407417e-01
1.899113260954618521e-01
1.715135343000292745e-01
1.630632886290550310e-01
1.454806927964091279e-01
1.459299587458372238e-01
1.479893860220909130e-01
1.383338743075728516e-01
1.190162250399589561e-01
1.192758185416459976e-01
1.239433891698718121e-01
1.180604580417275451e-01
1.246294029429554917e-01
1.145960698276758255e-01
1.088902293145656563e-01
1.087748709321021967e-01
1.133176348730921684e-01
1.091237630322575564e-01
1.024250690639019051e-01
8.710185006260871832e-02
7.724843163043260130e-02
7.517968092113733181e-02
7.392473496496677898e-02
7.281881112605333162e-02
7.192543067038059679e-02
7.146584123373031505e-02
7.062350042164325381e-02
6.992778513580560906e-02
6.936473518610000721e-02
6.877982072532176638e-02
6.830395754426717148e-02
6.829388942569494803e-02
6.804954908788203582e-02
6.795690890401601125e-02
2.319360210746526652e-01
9.057276304811238965e-02
7.962561916559934838e-02
7.593914475291967114e-02
6.901697413995862285e-02
5.930528903380036243e-02
5.795940451323985942e-02
5.561409007757902451e-02
5.700665973126887998e-02
5.035181010141968894e-02
4.733647052198648730e-02
4.657389959320425848e-02
4.306429455056786509e-02
4.551341563463211226e-02
4.352600779384374619e-02
3.784652141854166763e-02
3.878429301083088226e-02
3.869954561814666072e-02
3.806983457878231752e-02
4.561755582690239091e-02
3.484583789482712662e-02
3.054957391694188007e-02
3.055242449976504002e-02
2.865766592323780101e-02
3.226301201619207609e-02
3.044945450499653844e-02
2.566631006076931787e-02
2.504862297326326467e-02
2.461913018487393856e-02
2.429176939651370160e-02
2.422949572093784781e-02
2.394379831850528689e-02
2.368810183368623423e-02
2.364052284508943655e-02
2.329719825647771220e-02
2.311966232024133261e-02
2.307767418213188537e-02
2.312087517231702777e-02
2.311262635514139963e-02
2.294049218297004866e-02
